[gd_scene load_steps=12 format=2]

[ext_resource path="res://scripts/main-map.gd" type="Script" id=1]
[ext_resource path="res://assets/models/pikachu.tscn" type="PackedScene" id=2]
[ext_resource path="res://assets/models/cube.tscn" type="PackedScene" id=3]
[ext_resource path="res://assets/models/you-win-panel.tscn" type="PackedScene" id=4]
[ext_resource path="res://assets/audio/music/super-mario-kart-start-race.ogg" type="AudioStream" id=5]
[ext_resource path="res://assets/models/ship.tscn" type="PackedScene" id=6]
[ext_resource path="res://assets/img/water_normal_2.png" type="Texture" id=7]

[sub_resource type="BoxShape" id=1]

[sub_resource type="SpatialMaterial" id=2]
flags_transparent = true
flags_disable_ambient_light = true
albedo_color = Color( 0.0352941, 0.321569, 0.341176, 0.611765 )
normal_enabled = true
normal_scale = -16.0
normal_texture = ExtResource( 7 )
refraction_enabled = true
refraction_scale = 0.02
refraction_texture = ExtResource( 7 )
refraction_texture_channel = 0
uv1_scale = Vector3( 20, 20, 1 )
uv1_offset = Vector3( 0.630021, 0, 0 )
proximity_fade_enable = true
proximity_fade_distance = 1.0
distance_fade_mode = 1
distance_fade_min_distance = 0.0
distance_fade_max_distance = 1.0

[sub_resource type="PlaneMesh" id=3]
material = SubResource( 2 )
size = Vector2( 4, 1 )

[sub_resource type="Animation" id=4]
resource_name = "water_anim"
loop = true
tracks/0/type = "value"
tracks/0/path = NodePath(".:mesh:material:uv1_offset")
tracks/0/interp = 1
tracks/0/loop_wrap = true
tracks/0/imported = false
tracks/0/enabled = true
tracks/0/keys = {
"times": PoolRealArray( 0, 1 ),
"transitions": PoolRealArray( 1, 1 ),
"update": 0,
"values": [ Vector3( 0, 0, 0 ), Vector3( 1, 0, 0 ) ]
}

[node name="Main" type="Spatial"]
transform = Transform( 1, 0, 0, 0, 1, 0, 0, 0, 1, 0, 121.257, 0 )
script = ExtResource( 1 )

[node name="DirectionalLight" type="DirectionalLight" parent="."]
transform = Transform( 0.693015, 0.588546, -0.416346, 0.318277, 0.268412, 0.909206, 0.646861, -0.762607, -0.00130709, -20.7524, 88.9361, -10.8599 )
shadow_enabled = true

[node name="Pikachu" parent="." instance=ExtResource( 2 )]
transform = Transform( 1, 0, 0, 0, 1, 0, 0, 0, 1, 0, -86.5445, 96.0146 )

[node name="Camera" type="Camera" parent="Pikachu"]
transform = Transform( -0.999978, -2.32827e-10, -0.00669324, -0.00282869, 0.906308, 0.422609, 0.00606614, 0.422618, -0.906288, 1.13687e-13, 10.9556, -13.4435 )
far = 305.1

[node name="Checkpoint" type="Area" parent="."]
transform = Transform( 33.7046, 0, 0, 0, 33.7046, 0, 0, 0, 1, 0, -50.1127, 570.015 )

[node name="CollisionShape" type="CollisionShape" parent="Checkpoint"]
transform = Transform( 1, 0, 0, 0, 1, 0, 0, 0, 1, 0, 0, -338 )
shape = SubResource( 1 )

[node name="Item1" parent="." instance=ExtResource( 3 )]
transform = Transform( -0.934666, 0, -0.355528, 0, 1, 0, 0.355528, 0, -0.934666, 7.62321, 2.83666, 24.964 )

[node name="HUD" parent="." instance=ExtResource( 4 )]

[node name="timer" type="Timer" parent="."]

[node name="music" type="AudioStreamPlayer" parent="."]
stream = ExtResource( 5 )
autoplay = true

[node name="Ship" parent="." instance=ExtResource( 6 )]
transform = Transform( 10.6653, 0, 0, 0, 10.6653, 0, 0, 0, 10.6653, 0, -47.2714, 0 )

[node name="water" type="MeshInstance" parent="."]
transform = Transform( 300, 0, 0, 0, 300, 0, 0, 0, 1200, 0, -130, -123.429 )
mesh = SubResource( 3 )
material/0 = null

[node name="WaterAnimPlayer" type="AnimationPlayer" parent="water"]
playback_speed = 0.2
anims/water_anim = SubResource( 4 )
[connection signal="body_entered" from="Checkpoint" to="." method="_on_Checkpoint_body_entered"]
[connection signal="body_entered" from="Item1" to="Item1" method="_on_Item1_body_entered"]
